#seed=2 for mt19937_64 Generator is used
#ix   iy  orb  Theta(x,y,orb)    Phi(x,y,orb)      Moment_Size(x,y,orb)
0              0              0        2.70973        5.70187              1
0              0              1        2.92577        4.95056              1
0              0              2       0.438058         1.6172              1
1              0              0       0.317433         1.4422              1
1              0              1        2.17341       0.169547              1
1              0              2        3.07912        4.12897              1
2              0              0       0.448731         5.0801              1
2              0              1       0.238473        1.28906              1
2              0              2        1.78301        6.32151              1
3              0              0         1.2173        2.28703              1
3              0              1       0.262482       0.366857              1
3              0              2        1.39693        2.91886              1
0              1              0        1.04592        4.88524              1
0              1              1       0.430367        2.96364              1
0              1              2       0.560448        2.32998              1
1              1              0        1.13866         2.6901              1
1              1              1        1.10357        6.19803              1
1              1              2        1.88835        2.40978              1
2              1              0        1.66887        4.28489              1
2              1              1        3.15959        4.94962              1
2              1              2        2.37807       0.782672              1
3              1              0        2.24588        5.41047              1
3              1              1        1.25057        2.49433              1
3              1              2       0.566977        5.00726              1
0              2              0       0.106996        5.13963              1
0              2              1          2.292       0.978495              1
0              2              2        1.25889       0.543878              1
1              2              0       0.163746         2.0718              1
1              2              1       0.569789        3.28989              1
1              2              2        2.58376        3.20378              1
2              2              0        2.27878        4.17029              1
2              2              1       0.575383        2.29766              1
2              2              2       0.641634        2.21248              1
3              2              0       0.399541        6.04285              1
3              2              1         2.7146        0.19728              1
3              2              2        2.50217        2.50779              1
0              3              0       0.445119         3.4612              1
0              3              1       0.509437        4.55338              1
0              3              2        2.95779        2.35069              1
1              3              0        3.01748        1.67482              1
1              3              1        1.88107        1.65755              1
1              3              2         2.1413        3.51212              1
2              3              0        1.07762        2.56099              1
2              3              1        1.03194        6.10779              1
2              3              2        2.24205        4.71159              1
3              3              0        1.59998        2.18944              1
3              3              1       0.985818        4.03845              1
3              3              2       0.607439       0.380428              1
